28
35
38
42
43
52
65
76
86
150
189
192
193
195
215
269
291
320
429
465
466
482
483
510
524
541
576
582
589
603
650
680
711
722
726
783
813
820
868
869
894
1162
1164
1195
1196
1281
29
68
197
213
214
309
319
324
429
499
636
669
670
674
690
692
695
700
704
709
720
731
733
738
740
1136
60
85
114
123
126
131
133
136
138
140
346
359
363
372
412
445
454
461
463
469
532
537
540
553
554
555
585
590
599
640
660
664
803
901
909
911
1027
1053
1169
1179
1181
1190
1191
1326
310
315
321
329
332
420
601
980
32
56
65
114
124
137
187
188
191
241
339
370
400
451
453
471
525
528
642
648
692
1035
1246
1356
400
310
320
332
375
376
645
724
725
37
40
65
507
529
707
760
802
864
900
1024
1161
1225
1226
1267
1382
1409
1414
6
174
175
179
212
320
324
329
566
572
577
600
1077
1120
1129
1130
1131
1159
1161
1162
1164
1165
1185
1190
1191
1224
1225
1267
1294
1323
1327
1382
1388
1427
25
175
228
229
233
277
399
462
536
540
574
605
615
829
972
1045
1082
1116
1117
1119
1123
1141
1159
1173
1204
1385
2
