28
35
38
42
43
52
65
76
86
150
189
192
193
195
215
269
291
320
429
465
466
482
483
510
524
541
576
582
589
603
650
680
711
722
726
783
813
820
868
869
894
1162
1164
1195
1196
1281
29
68
197
213
214
309
319
324
429
499
636
669
670
674
690
692
695
700
704
709
720
731
733
738
740
1136
60
85
114
123
126
131
133
136
138
140
346
359
363
372
412
445
454
461
463
469
532
537
540
553
554
555
585
590
599
640
660
664
803
901
909
911
1027
1053
1169
1179
1181
1190
1191
1326
310
315
321
329
332
420
601
980
32
56
65
114
124
137
187
188
191
241
339
370
400
451
453
471
525
528
642
648
692
1035
1246
1356
400
310
320
332
375
376
645
724
725
37
40
65
507
529
707
760
802
864
900
1024
1161
1225
1226
1267
1382
1409
1414
6
174
175
179
212
320
324
329
566
572
577
600
1077
1120
1129
1130
1131
1159
1161
1162
1164
1165
1185
1190
1191
1224
1225
1267
1294
1323
1327
1382
1388
1427
25
175
228
229
233
277
399
462
536
540
574
605
615
829
972
1045
1082
1116
1117
1119
1123
1141
1159
1173
1204
1385
2
15
32
33
37
41
63
67
87
90
95
110
113
116
121
153
160
163
165
166
169
172
199
202
215
219
223
243
252
254
266
309
314
327
345
355
356
360
371
372
373
381
386
391
395
398
415
439
440
453
456
513
533
544
547
560
602
605
656
657
666
714
716
718
719
723
728
731
733
737
738
739
763
771
772
788
789
821
828
837
839
845
899
952
953
965
967
1080
1081
1089
1094
1095
1096
1098
1099
1102
1110
1113
1114
1121
1122
1128
1151
1155
1156
1158
1160
1223
1228
1235
1241
1254
1256
1257
1264
1268
1275
1284
1295
1298
1303
1309
1319
1373
1404
1418
1446
53
133
136
341
347
376
899
1190
1191
1209
1290
1293
1363
27
28
42
49
50
52
57
59
61
67
72
73
75
77
84
114
120
128
134
137
139
146
153
164
167
175
176
194
198
223
244
266
307
309
311
327
328
347
389
458
474
484
486
493
494
508
509
514
519
523
525
532
538
565
595
596
608
634
646
656
658
659
696
702
705
720
728
731
752
762
780
785
795
806
815
826
827
829
835
956
966
1054
1124
1126
1127
1138
1139
1143
1144
1282
1307
45
420
890
18
27
36
49
56
59
67
74
83
126
158
164
167
192
214
222
223
250
281
292
295
299
307
331
336
338
348
365
366
367
368
372
381
446
458
465
466
482
490
491
495
497
507
520
528
591
594
623
629
639
690
720
723
724
727
728
731
779
822
834
839
848
849
865
872
897
1100
1161
1248
1305
1353
1358
1363
1366
1368
1371
1372
1374
1375
1376
1377
1410
123
126
169
197
375
481
497
508
528
529
534
734
854
885
947
997
1011
1013
1073
1121
1146
1171
1193
1198
1207
1366
34
53
252
286
375
376
465
467
482
491
507
529
578
582
633
680
721
724
763
1014
1057
1058
1059
1060
1371
1415
66
80
175
695
709
833
1026
1092
1180
1292
1452
26
38
39
62
65
71
77
117
123
159
175
179
320
419
421
422
434
442
479
483
487
488
501
508
511
518
520
521
538
562
570
596
636
641
669
670
671
678
687
689
695
698
699
700
704
706
708
709
714
790
802
810
812
820
835
836
851
855
862
867
868
869
871
875
876
993
1091
1120
1124
1130
1134
1139
1162
1164
1194
1196
1199
1230
1234
1411
1415
27
72
73
75
77
120
128
134
150
175
190
197
224
243
244
287
374
381
382
389
390
424
448
450
458
459
465
466
468
473
474
479
483
484
485
486
487
488
492
493
494
498
504
506
519
526
534
538
547
563
564
565
576
581
586
595
596
608
609
620
625
636
646
696
702
705
720
734
742
754
773
776
780
785
795
801
806
807
809
813
815
817
820
824
826
827
829
835
845
851
852
853
855
858
859
861
863
864
866
870
871
876
894
956
966
986
1051
1054
1089
1091
1094
1104
1105
1106
1124
1126
1127
1132
1138
1143
1162
1164
1175
1196
1197
1207
1230
1255
1264
1281
1282
1294
1307
1327
1362
1363
1367
1372
1377
1410
1415
1419
1421
1448
6
