28
35
38
42
43
52
65
76
86
150
189
192
193
195
215
269
291
320
429
465
466
482
483
510
524
541
576
582
589
603
650
680
711
722
726
783
813
820
868
869
894
1162
1164
1195
1196
1281
29
68
197
213
214
309
319
324
429
499
636
669
670
674
690
692
695
700
704
709
720
731
733
738
740
1136
60
85
114
123
126
131
133
136
138
140
346
359
363
372
412
445
454
461
463
469
532
537
540
553
554
555
585
590
599
640
660
664
803
901
909
911
1027
1053
1169
1179
1181
1190
1191
1326
310
315
321
329
332
420
601
980
32
56
65
114
124
137
187
188
191
241
339
370
400
451
453
471
525
528
642
648
692
1035
1246
1356
400
